%YAML:1.0
camera_matrix: !!opencv-matrix
   rows: 3
   cols: 3
   dt: d
   data: [ 4.4325502808653591e+003, 0., 2.1492399700651426e+003, 0.,
       4.4199435412430003e+003, 1.4453423155399551e+003, 0., 0., 1. ]
distortion_coefficients: !!opencv-matrix
   rows: 1
   cols: 5
   dt: d
   data: [ 2.1570830510131572e-001, -1.0318235682297918e+000,
       -7.4798650043465407e-004, 3.2116159747612987e-003,
       6.6423891176270278e-001 ]
img_width: 4032
img_height: 3024
square_size: 24.
